{
 "cells": [
  {
   "cell_type": "markdown",
   "metadata": {},
   "source": [
    "- This is not a native algorithm\n",
    "- It is a ensemble technique (Combination of multiple algorithms)\n",
    "- The main disadvantages of decission tree which are over fitting and unstability are taken care here.\n",
    "- Accuracy of random forest is much higher than decision tree.\n",
    "- Very complex to understand how it works.\n",
    "- No interpretability\n",
    "\n",
    "- Data treatment is not required (Minimum) for random forest\n",
    "- It solves the overfitting problem and very stable in comparision with decission tree\n",
    "- Accuracy is very high\n",
    "- With default hyper parameters it gives good results\n",
    "\n",
    "- Random forest is most widely used CART algorithm."
   ]
  },
  {
   "cell_type": "code",
   "execution_count": 75,
   "metadata": {},
   "outputs": [],
   "source": [
    "import pandas as pd\n",
    "import numpy as np\n",
    "from sklearn.ensemble import RandomForestRegressor\n",
    "from sklearn.model_selection import train_test_split\n",
    "from collections import Counter\n",
    "from sklearn.preprocessing import scale\n",
    "from sklearn.metrics import r2_score\n",
    "from sklearn.decomposition import PCA"
   ]
  },
  {
   "cell_type": "code",
   "execution_count": 76,
   "metadata": {},
   "outputs": [
    {
     "data": {
      "text/html": [
       "<div>\n",
       "<style scoped>\n",
       "    .dataframe tbody tr th:only-of-type {\n",
       "        vertical-align: middle;\n",
       "    }\n",
       "\n",
       "    .dataframe tbody tr th {\n",
       "        vertical-align: top;\n",
       "    }\n",
       "\n",
       "    .dataframe thead th {\n",
       "        text-align: right;\n",
       "    }\n",
       "</style>\n",
       "<table border=\"1\" class=\"dataframe\">\n",
       "  <thead>\n",
       "    <tr style=\"text-align: right;\">\n",
       "      <th></th>\n",
       "      <th>ID</th>\n",
       "      <th>crim</th>\n",
       "      <th>zn</th>\n",
       "      <th>indus</th>\n",
       "      <th>chas</th>\n",
       "      <th>nox</th>\n",
       "      <th>rm</th>\n",
       "      <th>age</th>\n",
       "      <th>dis</th>\n",
       "      <th>rad</th>\n",
       "      <th>tax</th>\n",
       "      <th>ptratio</th>\n",
       "      <th>black</th>\n",
       "      <th>lstat</th>\n",
       "      <th>medv</th>\n",
       "    </tr>\n",
       "  </thead>\n",
       "  <tbody>\n",
       "    <tr>\n",
       "      <th>0</th>\n",
       "      <td>1</td>\n",
       "      <td>0.00632</td>\n",
       "      <td>18.0</td>\n",
       "      <td>2.31</td>\n",
       "      <td>0</td>\n",
       "      <td>0.538</td>\n",
       "      <td>6.575</td>\n",
       "      <td>65.2</td>\n",
       "      <td>4.0900</td>\n",
       "      <td>1</td>\n",
       "      <td>296</td>\n",
       "      <td>15.3</td>\n",
       "      <td>396.90</td>\n",
       "      <td>4.98</td>\n",
       "      <td>24.0</td>\n",
       "    </tr>\n",
       "    <tr>\n",
       "      <th>1</th>\n",
       "      <td>2</td>\n",
       "      <td>0.02731</td>\n",
       "      <td>0.0</td>\n",
       "      <td>7.07</td>\n",
       "      <td>0</td>\n",
       "      <td>0.469</td>\n",
       "      <td>6.421</td>\n",
       "      <td>78.9</td>\n",
       "      <td>4.9671</td>\n",
       "      <td>2</td>\n",
       "      <td>242</td>\n",
       "      <td>17.8</td>\n",
       "      <td>396.90</td>\n",
       "      <td>9.14</td>\n",
       "      <td>21.6</td>\n",
       "    </tr>\n",
       "    <tr>\n",
       "      <th>2</th>\n",
       "      <td>4</td>\n",
       "      <td>0.03237</td>\n",
       "      <td>0.0</td>\n",
       "      <td>2.18</td>\n",
       "      <td>0</td>\n",
       "      <td>0.458</td>\n",
       "      <td>6.998</td>\n",
       "      <td>45.8</td>\n",
       "      <td>6.0622</td>\n",
       "      <td>3</td>\n",
       "      <td>222</td>\n",
       "      <td>18.7</td>\n",
       "      <td>394.63</td>\n",
       "      <td>2.94</td>\n",
       "      <td>33.4</td>\n",
       "    </tr>\n",
       "    <tr>\n",
       "      <th>3</th>\n",
       "      <td>5</td>\n",
       "      <td>0.06905</td>\n",
       "      <td>0.0</td>\n",
       "      <td>2.18</td>\n",
       "      <td>0</td>\n",
       "      <td>0.458</td>\n",
       "      <td>7.147</td>\n",
       "      <td>54.2</td>\n",
       "      <td>6.0622</td>\n",
       "      <td>3</td>\n",
       "      <td>222</td>\n",
       "      <td>18.7</td>\n",
       "      <td>396.90</td>\n",
       "      <td>5.33</td>\n",
       "      <td>36.2</td>\n",
       "    </tr>\n",
       "    <tr>\n",
       "      <th>4</th>\n",
       "      <td>7</td>\n",
       "      <td>0.08829</td>\n",
       "      <td>12.5</td>\n",
       "      <td>7.87</td>\n",
       "      <td>0</td>\n",
       "      <td>0.524</td>\n",
       "      <td>6.012</td>\n",
       "      <td>66.6</td>\n",
       "      <td>5.5605</td>\n",
       "      <td>5</td>\n",
       "      <td>311</td>\n",
       "      <td>15.2</td>\n",
       "      <td>395.60</td>\n",
       "      <td>12.43</td>\n",
       "      <td>22.9</td>\n",
       "    </tr>\n",
       "  </tbody>\n",
       "</table>\n",
       "</div>"
      ],
      "text/plain": [
       "   ID     crim    zn  indus  chas    nox     rm   age     dis  rad  tax  \\\n",
       "0   1  0.00632  18.0   2.31     0  0.538  6.575  65.2  4.0900    1  296   \n",
       "1   2  0.02731   0.0   7.07     0  0.469  6.421  78.9  4.9671    2  242   \n",
       "2   4  0.03237   0.0   2.18     0  0.458  6.998  45.8  6.0622    3  222   \n",
       "3   5  0.06905   0.0   2.18     0  0.458  7.147  54.2  6.0622    3  222   \n",
       "4   7  0.08829  12.5   7.87     0  0.524  6.012  66.6  5.5605    5  311   \n",
       "\n",
       "   ptratio   black  lstat  medv  \n",
       "0     15.3  396.90   4.98  24.0  \n",
       "1     17.8  396.90   9.14  21.6  \n",
       "2     18.7  394.63   2.94  33.4  \n",
       "3     18.7  396.90   5.33  36.2  \n",
       "4     15.2  395.60  12.43  22.9  "
      ]
     },
     "execution_count": 76,
     "metadata": {},
     "output_type": "execute_result"
    }
   ],
   "source": [
    "data =pd.read_csv('train.csv',)\n",
    "data.head()"
   ]
  },
  {
   "cell_type": "code",
   "execution_count": 77,
   "metadata": {},
   "outputs": [
    {
     "name": "stdout",
     "output_type": "stream",
     "text": [
      "<class 'pandas.core.frame.DataFrame'>\n",
      "RangeIndex: 333 entries, 0 to 332\n",
      "Data columns (total 15 columns):\n",
      "ID         333 non-null int64\n",
      "crim       333 non-null float64\n",
      "zn         333 non-null float64\n",
      "indus      333 non-null float64\n",
      "chas       333 non-null int64\n",
      "nox        333 non-null float64\n",
      "rm         333 non-null float64\n",
      "age        333 non-null float64\n",
      "dis        333 non-null float64\n",
      "rad        333 non-null int64\n",
      "tax        333 non-null int64\n",
      "ptratio    333 non-null float64\n",
      "black      333 non-null float64\n",
      "lstat      333 non-null float64\n",
      "medv       333 non-null float64\n",
      "dtypes: float64(11), int64(4)\n",
      "memory usage: 39.1 KB\n"
     ]
    }
   ],
   "source": [
    "data.info()"
   ]
  },
  {
   "cell_type": "code",
   "execution_count": 78,
   "metadata": {},
   "outputs": [
    {
     "data": {
      "text/html": [
       "<div>\n",
       "<style scoped>\n",
       "    .dataframe tbody tr th:only-of-type {\n",
       "        vertical-align: middle;\n",
       "    }\n",
       "\n",
       "    .dataframe tbody tr th {\n",
       "        vertical-align: top;\n",
       "    }\n",
       "\n",
       "    .dataframe thead th {\n",
       "        text-align: right;\n",
       "    }\n",
       "</style>\n",
       "<table border=\"1\" class=\"dataframe\">\n",
       "  <thead>\n",
       "    <tr style=\"text-align: right;\">\n",
       "      <th></th>\n",
       "      <th>crim</th>\n",
       "      <th>zn</th>\n",
       "      <th>indus</th>\n",
       "      <th>chas</th>\n",
       "      <th>nox</th>\n",
       "      <th>rm</th>\n",
       "      <th>age</th>\n",
       "      <th>dis</th>\n",
       "      <th>rad</th>\n",
       "      <th>tax</th>\n",
       "      <th>ptratio</th>\n",
       "      <th>black</th>\n",
       "      <th>lstat</th>\n",
       "      <th>medv</th>\n",
       "    </tr>\n",
       "  </thead>\n",
       "  <tbody>\n",
       "    <tr>\n",
       "      <th>crim</th>\n",
       "      <td>1.000000</td>\n",
       "      <td>-0.210913</td>\n",
       "      <td>0.422228</td>\n",
       "      <td>-0.041195</td>\n",
       "      <td>0.463001</td>\n",
       "      <td>-0.310180</td>\n",
       "      <td>0.379034</td>\n",
       "      <td>-0.397067</td>\n",
       "      <td>0.666636</td>\n",
       "      <td>0.617081</td>\n",
       "      <td>0.313409</td>\n",
       "      <td>-0.475796</td>\n",
       "      <td>0.532077</td>\n",
       "      <td>-0.407454</td>\n",
       "    </tr>\n",
       "    <tr>\n",
       "      <th>zn</th>\n",
       "      <td>-0.210913</td>\n",
       "      <td>1.000000</td>\n",
       "      <td>-0.518679</td>\n",
       "      <td>-0.024442</td>\n",
       "      <td>-0.501990</td>\n",
       "      <td>0.328197</td>\n",
       "      <td>-0.544513</td>\n",
       "      <td>0.637142</td>\n",
       "      <td>-0.303663</td>\n",
       "      <td>-0.311180</td>\n",
       "      <td>-0.380449</td>\n",
       "      <td>0.168130</td>\n",
       "      <td>-0.388112</td>\n",
       "      <td>0.344842</td>\n",
       "    </tr>\n",
       "    <tr>\n",
       "      <th>indus</th>\n",
       "      <td>0.422228</td>\n",
       "      <td>-0.518679</td>\n",
       "      <td>1.000000</td>\n",
       "      <td>0.037496</td>\n",
       "      <td>0.750087</td>\n",
       "      <td>-0.440365</td>\n",
       "      <td>0.638378</td>\n",
       "      <td>-0.702327</td>\n",
       "      <td>0.569779</td>\n",
       "      <td>0.708313</td>\n",
       "      <td>0.391087</td>\n",
       "      <td>-0.335049</td>\n",
       "      <td>0.614155</td>\n",
       "      <td>-0.473932</td>\n",
       "    </tr>\n",
       "    <tr>\n",
       "      <th>chas</th>\n",
       "      <td>-0.041195</td>\n",
       "      <td>-0.024442</td>\n",
       "      <td>0.037496</td>\n",
       "      <td>1.000000</td>\n",
       "      <td>0.080275</td>\n",
       "      <td>0.112251</td>\n",
       "      <td>0.068286</td>\n",
       "      <td>-0.081834</td>\n",
       "      <td>0.007714</td>\n",
       "      <td>-0.021826</td>\n",
       "      <td>-0.125067</td>\n",
       "      <td>0.062029</td>\n",
       "      <td>-0.050055</td>\n",
       "      <td>0.204390</td>\n",
       "    </tr>\n",
       "    <tr>\n",
       "      <th>nox</th>\n",
       "      <td>0.463001</td>\n",
       "      <td>-0.501990</td>\n",
       "      <td>0.750087</td>\n",
       "      <td>0.080275</td>\n",
       "      <td>1.000000</td>\n",
       "      <td>-0.338515</td>\n",
       "      <td>0.736000</td>\n",
       "      <td>-0.769364</td>\n",
       "      <td>0.612180</td>\n",
       "      <td>0.670722</td>\n",
       "      <td>0.192513</td>\n",
       "      <td>-0.369416</td>\n",
       "      <td>0.598874</td>\n",
       "      <td>-0.413054</td>\n",
       "    </tr>\n",
       "    <tr>\n",
       "      <th>rm</th>\n",
       "      <td>-0.310180</td>\n",
       "      <td>0.328197</td>\n",
       "      <td>-0.440365</td>\n",
       "      <td>0.112251</td>\n",
       "      <td>-0.338515</td>\n",
       "      <td>1.000000</td>\n",
       "      <td>-0.248573</td>\n",
       "      <td>0.269191</td>\n",
       "      <td>-0.272783</td>\n",
       "      <td>-0.356987</td>\n",
       "      <td>-0.366927</td>\n",
       "      <td>0.155202</td>\n",
       "      <td>-0.615747</td>\n",
       "      <td>0.689598</td>\n",
       "    </tr>\n",
       "    <tr>\n",
       "      <th>age</th>\n",
       "      <td>0.379034</td>\n",
       "      <td>-0.544513</td>\n",
       "      <td>0.638378</td>\n",
       "      <td>0.068286</td>\n",
       "      <td>0.736000</td>\n",
       "      <td>-0.248573</td>\n",
       "      <td>1.000000</td>\n",
       "      <td>-0.764208</td>\n",
       "      <td>0.447380</td>\n",
       "      <td>0.511893</td>\n",
       "      <td>0.259293</td>\n",
       "      <td>-0.268054</td>\n",
       "      <td>0.588834</td>\n",
       "      <td>-0.358888</td>\n",
       "    </tr>\n",
       "    <tr>\n",
       "      <th>dis</th>\n",
       "      <td>-0.397067</td>\n",
       "      <td>0.637142</td>\n",
       "      <td>-0.702327</td>\n",
       "      <td>-0.081834</td>\n",
       "      <td>-0.769364</td>\n",
       "      <td>0.269191</td>\n",
       "      <td>-0.764208</td>\n",
       "      <td>1.000000</td>\n",
       "      <td>-0.477610</td>\n",
       "      <td>-0.529539</td>\n",
       "      <td>-0.231101</td>\n",
       "      <td>0.284374</td>\n",
       "      <td>-0.505939</td>\n",
       "      <td>0.249422</td>\n",
       "    </tr>\n",
       "    <tr>\n",
       "      <th>rad</th>\n",
       "      <td>0.666636</td>\n",
       "      <td>-0.303663</td>\n",
       "      <td>0.569779</td>\n",
       "      <td>0.007714</td>\n",
       "      <td>0.612180</td>\n",
       "      <td>-0.272783</td>\n",
       "      <td>0.447380</td>\n",
       "      <td>-0.477610</td>\n",
       "      <td>1.000000</td>\n",
       "      <td>0.903562</td>\n",
       "      <td>0.470849</td>\n",
       "      <td>-0.406405</td>\n",
       "      <td>0.484568</td>\n",
       "      <td>-0.352251</td>\n",
       "    </tr>\n",
       "    <tr>\n",
       "      <th>tax</th>\n",
       "      <td>0.617081</td>\n",
       "      <td>-0.311180</td>\n",
       "      <td>0.708313</td>\n",
       "      <td>-0.021826</td>\n",
       "      <td>0.670722</td>\n",
       "      <td>-0.356987</td>\n",
       "      <td>0.511893</td>\n",
       "      <td>-0.529539</td>\n",
       "      <td>0.903562</td>\n",
       "      <td>1.000000</td>\n",
       "      <td>0.467437</td>\n",
       "      <td>-0.406477</td>\n",
       "      <td>0.544485</td>\n",
       "      <td>-0.448078</td>\n",
       "    </tr>\n",
       "    <tr>\n",
       "      <th>ptratio</th>\n",
       "      <td>0.313409</td>\n",
       "      <td>-0.380449</td>\n",
       "      <td>0.391087</td>\n",
       "      <td>-0.125067</td>\n",
       "      <td>0.192513</td>\n",
       "      <td>-0.366927</td>\n",
       "      <td>0.259293</td>\n",
       "      <td>-0.231101</td>\n",
       "      <td>0.470849</td>\n",
       "      <td>0.467437</td>\n",
       "      <td>1.000000</td>\n",
       "      <td>-0.164614</td>\n",
       "      <td>0.374802</td>\n",
       "      <td>-0.481376</td>\n",
       "    </tr>\n",
       "    <tr>\n",
       "      <th>black</th>\n",
       "      <td>-0.475796</td>\n",
       "      <td>0.168130</td>\n",
       "      <td>-0.335049</td>\n",
       "      <td>0.062029</td>\n",
       "      <td>-0.369416</td>\n",
       "      <td>0.155202</td>\n",
       "      <td>-0.268054</td>\n",
       "      <td>0.284374</td>\n",
       "      <td>-0.406405</td>\n",
       "      <td>-0.406477</td>\n",
       "      <td>-0.164614</td>\n",
       "      <td>1.000000</td>\n",
       "      <td>-0.356693</td>\n",
       "      <td>0.336660</td>\n",
       "    </tr>\n",
       "    <tr>\n",
       "      <th>lstat</th>\n",
       "      <td>0.532077</td>\n",
       "      <td>-0.388112</td>\n",
       "      <td>0.614155</td>\n",
       "      <td>-0.050055</td>\n",
       "      <td>0.598874</td>\n",
       "      <td>-0.615747</td>\n",
       "      <td>0.588834</td>\n",
       "      <td>-0.505939</td>\n",
       "      <td>0.484568</td>\n",
       "      <td>0.544485</td>\n",
       "      <td>0.374802</td>\n",
       "      <td>-0.356693</td>\n",
       "      <td>1.000000</td>\n",
       "      <td>-0.738600</td>\n",
       "    </tr>\n",
       "    <tr>\n",
       "      <th>medv</th>\n",
       "      <td>-0.407454</td>\n",
       "      <td>0.344842</td>\n",
       "      <td>-0.473932</td>\n",
       "      <td>0.204390</td>\n",
       "      <td>-0.413054</td>\n",
       "      <td>0.689598</td>\n",
       "      <td>-0.358888</td>\n",
       "      <td>0.249422</td>\n",
       "      <td>-0.352251</td>\n",
       "      <td>-0.448078</td>\n",
       "      <td>-0.481376</td>\n",
       "      <td>0.336660</td>\n",
       "      <td>-0.738600</td>\n",
       "      <td>1.000000</td>\n",
       "    </tr>\n",
       "  </tbody>\n",
       "</table>\n",
       "</div>"
      ],
      "text/plain": [
       "             crim        zn     indus      chas       nox        rm       age  \\\n",
       "crim     1.000000 -0.210913  0.422228 -0.041195  0.463001 -0.310180  0.379034   \n",
       "zn      -0.210913  1.000000 -0.518679 -0.024442 -0.501990  0.328197 -0.544513   \n",
       "indus    0.422228 -0.518679  1.000000  0.037496  0.750087 -0.440365  0.638378   \n",
       "chas    -0.041195 -0.024442  0.037496  1.000000  0.080275  0.112251  0.068286   \n",
       "nox      0.463001 -0.501990  0.750087  0.080275  1.000000 -0.338515  0.736000   \n",
       "rm      -0.310180  0.328197 -0.440365  0.112251 -0.338515  1.000000 -0.248573   \n",
       "age      0.379034 -0.544513  0.638378  0.068286  0.736000 -0.248573  1.000000   \n",
       "dis     -0.397067  0.637142 -0.702327 -0.081834 -0.769364  0.269191 -0.764208   \n",
       "rad      0.666636 -0.303663  0.569779  0.007714  0.612180 -0.272783  0.447380   \n",
       "tax      0.617081 -0.311180  0.708313 -0.021826  0.670722 -0.356987  0.511893   \n",
       "ptratio  0.313409 -0.380449  0.391087 -0.125067  0.192513 -0.366927  0.259293   \n",
       "black   -0.475796  0.168130 -0.335049  0.062029 -0.369416  0.155202 -0.268054   \n",
       "lstat    0.532077 -0.388112  0.614155 -0.050055  0.598874 -0.615747  0.588834   \n",
       "medv    -0.407454  0.344842 -0.473932  0.204390 -0.413054  0.689598 -0.358888   \n",
       "\n",
       "              dis       rad       tax   ptratio     black     lstat      medv  \n",
       "crim    -0.397067  0.666636  0.617081  0.313409 -0.475796  0.532077 -0.407454  \n",
       "zn       0.637142 -0.303663 -0.311180 -0.380449  0.168130 -0.388112  0.344842  \n",
       "indus   -0.702327  0.569779  0.708313  0.391087 -0.335049  0.614155 -0.473932  \n",
       "chas    -0.081834  0.007714 -0.021826 -0.125067  0.062029 -0.050055  0.204390  \n",
       "nox     -0.769364  0.612180  0.670722  0.192513 -0.369416  0.598874 -0.413054  \n",
       "rm       0.269191 -0.272783 -0.356987 -0.366927  0.155202 -0.615747  0.689598  \n",
       "age     -0.764208  0.447380  0.511893  0.259293 -0.268054  0.588834 -0.358888  \n",
       "dis      1.000000 -0.477610 -0.529539 -0.231101  0.284374 -0.505939  0.249422  \n",
       "rad     -0.477610  1.000000  0.903562  0.470849 -0.406405  0.484568 -0.352251  \n",
       "tax     -0.529539  0.903562  1.000000  0.467437 -0.406477  0.544485 -0.448078  \n",
       "ptratio -0.231101  0.470849  0.467437  1.000000 -0.164614  0.374802 -0.481376  \n",
       "black    0.284374 -0.406405 -0.406477 -0.164614  1.000000 -0.356693  0.336660  \n",
       "lstat   -0.505939  0.484568  0.544485  0.374802 -0.356693  1.000000 -0.738600  \n",
       "medv     0.249422 -0.352251 -0.448078 -0.481376  0.336660 -0.738600  1.000000  "
      ]
     },
     "execution_count": 78,
     "metadata": {},
     "output_type": "execute_result"
    }
   ],
   "source": [
    "data.iloc[:,1:].corr()"
   ]
  },
  {
   "cell_type": "code",
   "execution_count": 167,
   "metadata": {},
   "outputs": [
    {
     "data": {
      "text/plain": [
       "array([8.14532625e-01, 1.55490775e-01, 2.04133828e-02, 7.11729915e-03,\n",
       "       9.70788667e-04, 7.17434392e-04, 3.79846444e-04, 2.58267719e-04,\n",
       "       8.37876645e-05, 2.74953335e-05, 6.82700441e-06, 1.39253769e-06,\n",
       "       7.80632034e-08])"
      ]
     },
     "execution_count": 167,
     "metadata": {},
     "output_type": "execute_result"
    }
   ],
   "source": [
    "X = data.iloc[:,1:-1]\n",
    "#X=pd.DataFrame(scale(X))\n",
    "pca= PCA()\n",
    "X_pca = pd.DataFrame(pca.fit_transform(X))\n",
    "pca.explained_variance_ratio_"
   ]
  },
  {
   "cell_type": "code",
   "execution_count": 168,
   "metadata": {},
   "outputs": [
    {
     "data": {
      "text/plain": [
       "0.9700234002429661"
      ]
     },
     "execution_count": 168,
     "metadata": {},
     "output_type": "execute_result"
    }
   ],
   "source": [
    "pca.explained_variance_ratio_[0]+pca.explained_variance_ratio_[1]"
   ]
  },
  {
   "cell_type": "code",
   "execution_count": 169,
   "metadata": {},
   "outputs": [],
   "source": [
    "#X = X_pca"
   ]
  },
  {
   "cell_type": "code",
   "execution_count": 178,
   "metadata": {},
   "outputs": [
    {
     "data": {
      "text/plain": [
       "RandomForestRegressor(bootstrap=True, criterion='mse', max_depth=None,\n",
       "           max_features=5, max_leaf_nodes=None, min_impurity_decrease=0.0,\n",
       "           min_impurity_split=None, min_samples_leaf=1,\n",
       "           min_samples_split=2, min_weight_fraction_leaf=0.0,\n",
       "           n_estimators=10, n_jobs=1, oob_score=False, random_state=4,\n",
       "           verbose=0, warm_start=False)"
      ]
     },
     "execution_count": 178,
     "metadata": {},
     "output_type": "execute_result"
    }
   ],
   "source": [
    "y = data.medv\n",
    "#y=data.medv.values\n",
    "model = RandomForestRegressor(random_state=4,max_features=5)\n",
    "X_train, X_test, y_train, y_test = train_test_split(X,y, random_state=10)\n",
    "model.fit(X_train , y_train)"
   ]
  },
  {
   "cell_type": "code",
   "execution_count": 179,
   "metadata": {},
   "outputs": [],
   "source": [
    "y_predict=model.predict(X_test)"
   ]
  },
  {
   "cell_type": "code",
   "execution_count": 180,
   "metadata": {},
   "outputs": [
    {
     "data": {
      "text/plain": [
       "0.8875953672890979"
      ]
     },
     "execution_count": 180,
     "metadata": {},
     "output_type": "execute_result"
    }
   ],
   "source": [
    "r2_score(y_test,y_predict)"
   ]
  },
  {
   "cell_type": "code",
   "execution_count": 181,
   "metadata": {},
   "outputs": [
    {
     "data": {
      "text/plain": [
       "array([7.04962299e-02, 8.09014418e-04, 3.49556558e-02, 1.25775049e-04,\n",
       "       5.11958468e-02, 3.18695841e-01, 4.99529587e-02, 9.03956059e-02,\n",
       "       1.44912000e-02, 9.04436702e-03, 1.51756064e-02, 2.42191168e-02,\n",
       "       3.20442782e-01])"
      ]
     },
     "execution_count": 181,
     "metadata": {},
     "output_type": "execute_result"
    }
   ],
   "source": [
    "model.feature_importances_ # sum it up gives you 1 --> Tells the importance of each variable."
   ]
  },
  {
   "cell_type": "code",
   "execution_count": null,
   "metadata": {},
   "outputs": [],
   "source": []
  }
 ],
 "metadata": {
  "kernelspec": {
   "display_name": "Python 3",
   "language": "python",
   "name": "python3"
  },
  "language_info": {
   "codemirror_mode": {
    "name": "ipython",
    "version": 3
   },
   "file_extension": ".py",
   "mimetype": "text/x-python",
   "name": "python",
   "nbconvert_exporter": "python",
   "pygments_lexer": "ipython3",
   "version": "3.6.4"
  }
 },
 "nbformat": 4,
 "nbformat_minor": 2
}
